4,3
4,2
4,1
4,0
3,6
3,5
3,4
3,3
3,2
3,1
3,0
2,4
2,2
1,4
1,2
0,243
2,28
1,1
1,5
1,3
1,0
2,1
2,29
2,3
2,0
2460,1
2460,3
2460,0
2457,4
2457,1
2457,3
0,395
0,442
2457,0
0,9
0,310
0,305
0,380
0,379
0,377
0,338
0,375
0,488
0,487
0,308
0,304
0,303
0,302
0,307
0,394
0,12
0,413
0,10
0,320
0,8
0,0
0,454
0,300
0,434
0,299
0,433
0,298
0,411
0,297
0,495
0,296
0,468
0,295
0,417
0,294
0,319
0,293
0,330
0,292
0,393
0,291
0,427
0,290
0,327
0,289
0,467
0,288
0,326
0,287
0,325
0,286
0,309
0,285
0,466
0,284
0,312
0,283
0,340
0,282
0,509
0,281
0,361
0,280
0,432
0,279
0,385
0,278
0,387
0,277
0,382
0,276
0,360
0,275
0,368
0,274
0,447
0,273
0,272
0,422
0,271
0,270
0,311
0,269
0,367
0,268
0,386
0,267
0,358
0,266
0,462
0,265
0,404
0,264
0,440
0,263
0,431
0,262
0,406
0,261
0,315
0,260
0,461
0,259
0,317
0,258
0,357
0,257
0,376
0,256
0,460
0,255
0,398
0,254
0,421
0,253
0,371
0,252
0,384
0,251
0,372
0,250
0,420
0,249
0,397
0,248
0,459
0,247
0,306
0,246
0,426
0,245
0,370
0,244
0,316
0,242
0,381
0,241
0,347
0,240
0,452
0,239
0,465
0,238
0,356
0,237
0,352
0,236
0,430
0,235
0,351
0,234
0,403
0,233
0,419
0,232
0,410
0,231
0,500
0,230
0,429
0,229
0,499
0,228
0,464
0,227
0,418
0,226
0,378
0,225
0,402
0,224
0,425
0,223
0,446
0,222
0,498
0,221
0,458
0,220
0,439
0,219
0,416
0,218
0,415
0,217
0,401
0,216
0,301
0,215
0,366
0,214
0,409
0,213
0,424
0,212
0,445
0,211
0,350
0,210
0,314
0,209
0,437
0,208
0,457
0,207
0,392
0,206
0,508
0,205
0,362
0,204
0,334
0,203
0,365
0,202
